15 0.525185 0.229630 0.172840 0.074074
15 0.346173 0.233333 0.190123 0.081481
14 0.616543 0.420370 0.232099 0.140741
2 0.336296 0.443519 0.135802 0.124074
1 0.457284 0.446296 0.091358 0.100000
15 0.509136 0.591667 0.076543 0.116667
16 0.331358 0.620370 0.101235 0.151852
16 0.427654 0.600926 0.081481 0.150000
17 0.354815 0.754630 0.098765 0.057407
17 0.452346 0.750926 0.101235 0.050000
17 0.551111 0.782407 0.106173 0.109259
17 0.644938 0.782407 0.071605 0.124074
17 0.430123 0.962963 0.116049 0.074074
17 0.568395 0.962963 0.116049 0.074074
17 0.432593 0.900926 0.120988 0.053704
17 0.552346 0.896296 0.133333 0.051852