17 0.559753 0.917593 0.103704 0.105556
17 0.437531 0.919444 0.130864 0.109259
17 0.558518 0.832407 0.101235 0.038889
17 0.444938 0.837037 0.125926 0.044444
17 0.541235 0.726852 0.081481 0.098148
17 0.617778 0.727778 0.076543 0.107407
17 0.375802 0.700000 0.086420 0.048148
17 0.469630 0.702778 0.081481 0.050000
15 0.502963 0.559259 0.064198 0.096296
16 0.331358 0.580556 0.101235 0.138889
16 0.423951 0.579630 0.074074 0.133333
14 0.579506 0.417593 0.207407 0.157407
1 0.443704 0.430556 0.083951 0.090741
2 0.328889 0.434259 0.125926 0.112963
15 0.483210 0.243519 0.162963 0.075926
15 0.319012 0.240741 0.170370 0.059259